0 80 60
1 80 100
2 80 140
3 80 180
4 80 220
5 80 260
6 80 300
7 80 340
13 120 60
14 120 100
15 120 140
16 120 180
17 120 220
18 120 260
19 120 300
20 120 340
23 120 460
26 160 60
27 160 100
28 160 140
29 160 180
30 160 220
31 160 260
32 160 300
33 160 340
34 160 380
35 160 420
36 160 460
39 200 60
40 200 100
41 200 140
42 200 180
43 200 220
44 200 260
45 200 300
46 200 340
47 200 380
48 200 420
49 200 460
52 240 60
53 240 100
54 240 140
55 240 180
56 240 220
57 240 260
58 240 300
59 240 340
60 240 380
61 240 420
62 240 460
63 240 500
64 240 540
66 280 100
67 280 140
68 280 180
69 280 220
70 280 260
71 280 300
72 280 340
73 280 380
74 280 420
75 280 460
76 280 500
77 280 540
79 320 100
80 320 140
81 320 180
82 320 220
83 320 260
84 320 300
85 320 340
87 320 420
88 320 460
89 320 500
93 360 140
94 360 180
95 360 220
96 360 260
97 360 300
98 360 340
106 400 140
107 400 180
108 400 220
109 400 260
110 400 300
111 400 340
112 400 380
115 400 500
118 440 100
119 440 140
120 440 180
121 440 220
122 440 260
123 440 300
124 440 340
125 440 380
130 480 60
131 480 100
132 480 140
133 480 180
134 480 220
135 480 260
136 480 300
137 480 340
138 480 380
143 520 60
144 520 100
145 520 140
146 520 180
147 520 220
148 520 260
149 520 300
150 520 340
151 520 380
152 520 420
156 560 60
157 560 100
158 560 140
159 560 180
160 560 220
161 560 260
162 560 300
163 560 340
164 560 380
165 560 420
169 600 60
170 600 100
171 600 140
172 600 180
173 600 220
174 600 260
175 600 300
176 600 340
177 600 380
178 600 420
179 600 460
182 640 60
183 640 100
184 640 140
185 640 180
186 640 220
187 640 260
188 640 300
189 640 340
190 640 380
191 640 420
195 680 60
196 680 100
197 680 140
198 680 180
199 680 220
200 680 260
201 680 300
202 680 340
203 680 380
204 680 420
