4 80 220
5 80 260
6 80 300
7 80 340
9 80 420
16 120 180
17 120 220
18 120 260
19 120 300
20 120 340
21 120 380
22 120 420
28 160 140
30 160 220
31 160 260
32 160 300
33 160 340
34 160 380
35 160 420
41 200 140
42 200 180
43 200 220
44 200 260
45 200 300
46 200 340
47 200 380
48 200 420
49 200 460
53 240 100
54 240 140
55 240 180
56 240 220
57 240 260
60 240 380
61 240 420
62 240 460
66 280 100
67 280 140
68 280 180
69 280 220
70 280 260
71 280 300
72 280 340
73 280 380
74 280 420
75 280 460
76 280 500
79 320 100
80 320 140
81 320 180
82 320 220
83 320 260
84 320 300
86 320 380
87 320 420
88 320 460
89 320 500
90 320 540
92 360 100
93 360 140
94 360 180
95 360 220
96 360 260
97 360 300
99 360 380
100 360 420
101 360 460
102 360 500
103 360 540
104 400 60
105 400 100
106 400 140
107 400 180
108 400 220
109 400 260
111 400 340
112 400 380
113 400 420
114 400 460
115 400 500
116 400 540
118 440 100
119 440 140
120 440 180
121 440 220
122 440 260
124 440 340
125 440 380
126 440 420
127 440 460
128 440 500
129 440 540
130 480 60
131 480 100
132 480 140
133 480 180
136 480 300
137 480 340
140 480 460
141 480 500
142 480 540
143 520 60
144 520 100
145 520 140
146 520 180
149 520 300
150 520 340
154 520 500
156 560 60
157 560 100
158 560 140
159 560 180
162 560 300
163 560 340
170 600 100
171 600 140
172 600 180
173 600 220
174 600 260
175 600 300
176 600 340
177 600 380
183 640 100
184 640 140
185 640 180
186 640 220
187 640 260
188 640 300
189 640 340
190 640 380
196 680 100
198 680 180
199 680 220
200 680 260
201 680 300
202 680 340
203 680 380
204 680 420
211 720 180
212 720 220
213 720 260
215 720 340
216 720 380
225 760 220
226 760 260
228 760 340
229 760 380