1: [2, 3]
2: [1, 5, 9, 10, 3]
3: [1, 4, 6, 2]
4: [3, 6]
5: [2, 8, 14]
6: [7, 3, 10, 4, 15]
7: [6, 11, 12, 16]
8: [5, 9, 14]
9: [8, 2, 10]
10: [2, 9, 15, 6]
11: [7]
12: [13, 16, 17, 7]
13: [17, 12]
14: [5, 8, 19]
15: [6, 10, 21]
16: [7, 21, 12, 22]
17: [13, 22, 12]
18: [23, 24]
19: [14, 25, 24]
20: [30]
21: [15, 16, 27]
22: [28, 16, 17, 27]
23: [18, 24, 29, 48]
24: [18, 19, 23, 25]
25: [48, 30, 24, 19]
26: [30, 49, 50]
27: [21, 22, 28]
28: [22, 27, 32, 33, 34]
29: [23, 38]
30: [20, 25, 26, 35, 36]
31: [32, 36, 37]
32: [28, 37, 33, 31]
33: [37, 34, 32, 28]
34: [33, 28]
35: [30, 38, 39]
36: [30, 31, 40, 41, 43]
37: [46, 33, 32, 31]
38: [29, 35]
39: [35, 47]
40: [36]
41: [42, 43, 36]
42: [41]
43: [36, 41, 44, 45]
44: [43, 45]
45: [43, 44]
46: [37]
47: [39]
48: [23, 25]
49: [26, 50]
50: [26, 49]