0 0 0
1 0 40
2 0 80
3 0 120
4 0 160
5 0 200
6 0 240
7 0 280
8 0 320
9 0 360
10 0 400
11 0 440
12 0 480
13 0 520
14 0 560
15 0 600
16 40 0
17 40 40
18 40 80
19 40 120
20 40 160
21 40 200
22 40 240
23 40 280
24 40 320
25 40 360
26 40 400
27 40 440
28 40 480
29 40 520
30 40 560
31 40 600
32 80 0
33 80 40
34 80 80
35 80 120
36 80 160
37 80 200
38 80 240
39 80 280
40 80 320
41 80 360
42 80 400
43 80 440
44 80 480
45 80 520
46 80 560
47 80 600
48 120 0
49 120 40
50 120 80
51 120 120
52 120 160
53 120 200
54 120 240
55 120 280
56 120 320
57 120 360
58 120 400
59 120 440
60 120 480
61 120 520
62 120 560
63 120 600
64 160 0
65 160 40
66 160 80
67 160 120
68 160 160
69 160 200
70 160 240
71 160 280
72 160 320
73 160 360
74 160 400
75 160 440
76 160 480
77 160 520
78 160 560
79 160 600
80 200 0
81 200 40
82 200 80
83 200 120
84 200 160
85 200 200
86 200 240
87 200 280
88 200 320
89 200 360
90 200 400
91 200 440
92 200 480
93 200 520
94 200 560
95 200 600
96 240 0
97 240 40
98 240 80
99 240 120
100 240 160
101 240 200
102 240 240
103 240 280
104 240 320
105 240 360
106 240 400
107 240 440
108 240 480
109 240 520
110 240 560
111 240 600
112 280 0
113 280 40
114 280 80
115 280 120
116 280 160
117 280 200
118 280 240
119 280 280
120 280 320
121 280 360
122 280 400
123 280 440
124 280 480
125 280 520
126 280 560
127 280 600
128 320 0
129 320 40
130 320 80
131 320 120
132 320 160
133 320 200
134 320 240
135 320 280
136 320 320
137 320 360
138 320 400
139 320 440
140 320 480
141 320 520
142 320 560
143 320 600
144 360 0
145 360 40
146 360 80
147 360 120
148 360 160
149 360 200
150 360 240
151 360 280
152 360 320
153 360 360
154 360 400
155 360 440
156 360 480
157 360 520
158 360 560
159 360 600
160 400 0
161 400 40
162 400 80
163 400 120
164 400 160
165 400 200
166 400 240
167 400 280
168 400 320
169 400 360
170 400 400
171 400 440
172 400 480
173 400 520
174 400 560
175 400 600
176 440 0
177 440 40
178 440 80
179 440 120
180 440 160
181 440 200
182 440 240
183 440 280
184 440 320
185 440 360
186 440 400
187 440 440
188 440 480
189 440 520
190 440 560
191 440 600
192 480 0
193 480 40
194 480 80
195 480 120
196 480 160
197 480 200
198 480 240
199 480 280
200 480 320
201 480 360
202 480 400
203 480 440
204 480 480
205 480 520
206 480 560
207 480 600
208 520 0
209 520 40
210 520 80
211 520 120
212 520 160
213 520 200
214 520 240
215 520 280
216 520 320
217 520 360
218 520 400
219 520 440
220 520 480
221 520 520
222 520 560
223 520 600
224 560 0
225 560 40
226 560 80
227 560 120
228 560 160
229 560 200
230 560 240
231 560 280
232 560 320
233 560 360
234 560 400
235 560 440
236 560 480
237 560 520
238 560 560
239 560 600
240 600 0
241 600 40
242 600 80
243 600 120
244 600 160
245 600 200
246 600 240
247 600 280
248 600 320
249 600 360
250 600 400
251 600 440
252 600 480
253 600 520
254 600 560
255 600 600
256 640 0
257 640 40
258 640 80
259 640 120
260 640 160
261 640 200
262 640 240
263 640 280
264 640 320
265 640 360
266 640 400
267 640 440
268 640 480
269 640 520
270 640 560
271 640 600
272 680 0
273 680 40
274 680 80
275 680 120
276 680 160
277 680 200
278 680 240
279 680 280
280 680 320
281 680 360
282 680 400
283 680 440
284 680 480
285 680 520
286 680 560
287 680 600
288 720 0
289 720 40
290 720 80
291 720 120
292 720 160
293 720 200
294 720 240
295 720 280
296 720 320
297 720 360
298 720 400
299 720 440
300 720 480
301 720 520
302 720 560
303 720 600
304 760 0
305 760 40
306 760 80
307 760 120
308 760 160
309 760 200
310 760 240
311 760 280
312 760 320
313 760 360
314 760 400
315 760 440
316 760 480
317 760 520
318 760 560
319 760 600
320 800 0
321 800 40
322 800 80
323 800 120
324 800 160
325 800 200
326 800 240
327 800 280
328 800 320
329 800 360
330 800 400
331 800 440
332 800 480
333 800 520
334 800 560
335 800 600
